{
 "alphabet": [
  "k",
  "o",
  "b",
  "a",
  "l",
  "i",
  "m",
  "g",
  "r",
  "z",
  "n",
  "p",
  "u",
  "d",
  "e",
  "t",
  "E",
  "y",
  "s",
  "H",
  "N",
  "w",
  "x",
  "7",
  "I",
  "h",
  "S"
 ],
 "lt": [
  [
   null,
   null,
   null,
   null
  ],
  [
   -0.04360567662264079,
   -0.37407423429053466,
   -0.8153811958456322,
   -0.8153811958456322
  ],
  [
   -3.847438732168699,
   -3.908087981663123,
   -1.5729025992645562,
   null
  ],
  [
   -3.847438732168699,
   -3.908087981663123,
   null,
   -1.5729025992645562
  ],
  [
   null,
   -1.302260441096755,
   -1.0495730508340424,
   -1.0495730508340424
  ]
 ],
 "lp": [
  [
   -3.8213536152651164,
   -7.316971929071984,
   -7.317090458360106,
   -7.315097519428811,
   -7.317026399705507,
   -7.317089534957419,
   -7.317090344918953,
   -6.113127156725333,
   -7.31597884250927,
   -7.3170904791587175,
   -7.317089063830742,
   -7.3170904791587175,
   -7.316752223242255,
   -7.317089873343832,
   -7.317076044201655,
   -7.3170904791587175,
   -7.317081705348795,
   -7.317090064157115,
   -7.30606161259782,
   -7.164700958501268,
   -7.317089555516336,
   -7.3170904791587175,
   -7.3170904791587175,
   -7.3170904791587175,
   -7.3170904791587175,
   -7.3170904791587175,
   -7.3170904791587175
  ],
  [
   -7.316971929071984,
   -2.8482061079035548,
   -7.065495081893571,
   -5.999792705383232,
   -7.308557958488985,
   -6.911698750788468,
   -7.311556369706445,
   -7.299041126037661,
   -7.312150761949535,
   -7.3170903839539525,
   -7.2221045874708,
   -7.317089623101971,
   -6.157325161869015,
   -7.240811645747283,
   -6.064353043514381,
   -7.31706623978259,
   -5.931303337324853,
   -7.109926387069347,
   -7.301193784181896,
   -7.316339645703561,
   -7.300337155972732,
   -7.3163222712667295,
   -7.3170904791587175,
   -7.3170904791587175,
   -7.3170904791587175,
   -7.3170904791587175,
   -7.3170904791587175
  ],
  [
   -7.317090458360106,
   -7.065495081893571,
   -4.059378594590373,
   -7.299628586795548,
   -7.317085187330653,
   -7.31706874262515,
   -7.303961334356915,
   -7.317090217733293,
   -7.317085412005109,
   -7.317079966089269,
   -7.317059052939238,
   -6.624125939621948,
   -7.31700646538418,
   -7.31708948920026,
   -7.316883499300712,
   -7.317090476181228,
   -7.316959970882264,
   -6.9110836344548465,
   -6.91164597611001,
   -7.3170904791587175,
   -7.3127197056481235,
   -6.623974184789753,
   -7.3170904791587175,
   -7.3170904791587175,
   -7.3170904791587175,
   -7.3170904791587175,
   -7.3170904791587175
  ],
  [
   -7.315097519428811,
   -5.999792705383232,
   -7.299628586795548,
   -2.853011522546201,
   -7.316569892081002,
   -6.228331392440204,
   -7.298884387219021,
   -7.317069671814766,
   -6.9776483536810625,
   -7.3170854026532455,
   -7.312866243436499,
   -7.317089870279944,
   -6.911996415731085,
   -7.315867310591987,
   -6.4012762443393765,
   -7.317084367133726,
   -5.30483947195516,
   -7.284569733705343,
   -7.316938738978935,
   -7.3150550593289365,
   -7.260856568603524,
   -7.315221715021236,
   -7.3170904791587175,
   -7.3170904791587175,
   -7.3170904791587175,
   -7.3170904791587175,
   -7.3170904791587175
  ],
  [
   -7.317026399705507,
   -7.308557958488985,
   -7.317085187330653,
   -7.316569892081002,
   -3.8520840073422096,
   -7.300892323565816,
   -7.3170904386674644,
   -7.316699729316128,
   -6.066111355535584,
   -7.3170904791587175,
   -6.441629955452421,
   -7.3169326353112085,
   -7.307499772129803,
   -7.295776289580917,
   -7.316985449399038,
   -7.31709034004346,
   -7.316952006586463,
   -7.311626810157409,
   -7.317090448407756,
   -7.3170904791587175,
   -7.3170904791587175,
   -7.317089992616612,
   -7.3170904791587175,
   -7.3170904791587175,
   -7.3170904791587175,
   -7.3170904791587175,
   -7.3170904791587175
  ],
  [
   -7.317089534957419,
   -6.911698750788468,
   -7.31706874262515,
   -6.228331392440204,
   -7.300892323565816,
   -3.4916289644466865,
   -7.308503360485251,
   -7.297029919092364,
   -7.308217175235176,
   -7.317013042070256,
   -7.308512962934111,
   -7.31708933158251,
   -5.81322183445816,
   -7.30407527924879,
   -6.623962781394669,
   -7.31708965024425,
   -6.9207744822091195,
   -7.317088369104834,
   -7.316821896333019,
   -7.3170904791587175,
   -7.2849634388809665,
   -7.3170584581233165,
   -7.3170904791587175,
   -7.282964248328036,
   -7.3170904791587175,
   -7.3170904791587175,
   -7.3170491286995825
  ],
  [
   -7.317090344918953,
   -7.311556369706445,
   -7.303961334356915,
   -7.298884387219021,
   -7.3170904386674644,
   -7.308503360485251,
   -3.709213167644157,
   -7.317061672790297,
   -7.316964465379092,
   -7.317078397502307,
   -7.317090475554777,
   -7.317083517213611,
   -7.3163369236806135,
   -7.317068025105162,
   -7.3168691653745626,
   -7.3170901809100295,
   -7.284655671839073,
   -7.3170725461479735,
   -7.317033846667883,
   -7.317028743106098,
   -7.3170904791587175,
   -6.402535790368282,
   -7.3170904791587175,
   -7.3170904791587175,
   -7.3170904791587175,
   -7.3170904791587175,
   -7.3170904791587175
  ],
  [
   -6.113127156725333,
   -7.299041126037661,
   -7.317090217733293,
   -7.317069671814766,
   -7.316699729316128,
   -7.297029919092364,
   -7.317061672790297,
   -3.8887223518650433,
   -7.315262496352014,
   -7.3170904791587175,
   -7.317090116810673,
   -7.317090454552441,
   -7.26441141903882,
   -7.317081907735111,
   -7.316079797537787,
   -7.315499404417936,
   -7.317065067536049,
   -7.3170902164719624,
   -7.3170904791587175,
   -7.317090475698633,
   -7.290599832539675,
   -6.911693075492462,
   -7.3170904791587175,
   -7.3170904791587175,
   -7.3170904791587175,
   -7.3170904791587175,
   -7.3170904791587175
  ],
  [
   -7.31597884250927,
   -7.312150761949535,
   -7.317085412005109,
   -6.9776483536810625,
   -6.066111355535584,
   -7.308217175235176,
   -7.316964465379092,
   -7.315262496352014,
   -4.229831715800207,
   -7.3170904791587175,
   -6.91168318884533,
   -7.317080619849904,
   -7.290075081416269,
   -6.62389690544674,
   -7.316939604895493,
   -7.317089809259376,
   -7.313989730622594,
   -7.317090431184041,
   -7.314715924498749,
   -7.316990168712005,
   -7.3170904791587175,
   -7.317090237758623,
   -7.3170904791587175,
   -7.3170904791587175,
   -7.3170904791587175,
   -7.3170904791587175,
   -7.3170904791587175
  ],
  [
   -7.3170904791587175,
   -7.3170903839539525,
   -7.317079966089269,
   -7.3170854026532455,
   -7.3170904791587175,
   -7.317013042070256,
   -7.317078397502307,
   -7.3170904791587175,
   -7.3170904791587175,
   -6.6239483751300146,
   -7.3170904791587175,
   -7.3170904791587175,
   -7.317074528405297,
   -6.4008765967820125,
   -7.317089862464391,
   -7.3170904791587175,
   -7.3170904791587175,
   -7.3170904791587175,
   -7.3170904791587175,
   -7.3170904791587175,
   -7.3170904791587175,
   -7.3170904791587175,
   -7.3170904791587175,
   -7.3170904791587175,
   -7.3170904791587175,
   -7.3170904791587175,
   -7.3170904791587175
  ],
  [
   -7.317089063830742,
   -7.2221045874708,
   -7.317059052939238,
   -7.312866243436499,
   -6.441629955452421,
   -7.308512962934111,
   -7.317090475554777,
   -7.317090116810673,
   -6.91168318884533,
   -7.3170904791587175,
   -3.2750764263348646,
   -7.3170904791587175,
   -7.317048110908246,
   -7.299865770003591,
   -7.316219520852214,
   -7.317087379581696,
   -7.316979981359042,
   -7.317090456232293,
   -7.317078113047115,
   -6.851484133035789,
   -6.635377982335808,
   -7.317086482508901,
   -7.3170904791587175,
   -7.316996922966347,
   -7.3170904791587175,
   -7.3170904791587175,
   -7.3170904791587175
  ],
  [
   -7.3170904791587175,
   -7.317089623101971,
   -6.624125939621948,
   -7.317089870279944,
   -7.3169326353112085,
   -7.31708933158251,
   -7.317083517213611,
   -7.317090454552441,
   -7.317080619849904,
   -7.3170904791587175,
   -7.3170904791587175,
   -5.525341558066405,
   -7.316980202364052,
   -7.3170904791587175,
   -7.317090478165705,
   -7.3170904791587175,
   -7.3170166834357095,
   -7.3170904791587175,
   -7.3170904791587175,
   -7.3170904791587175,
   -7.3170904791587175,
   -7.3170904791587175,
   -7.3170904791587175,
   -7.3170904791587175,
   -7.3170904791587175,
   -7.3170904791587175,
   -7.3170904791587175
  ],
  [
   -7.316752223242255,
   -6.157325161869015,
   -7.31700646538418,
   -6.911996415731085,
   -7.307499772129803,
   -5.81322183445816,
   -7.3163369236806135,
   -7.26441141903882,
   -7.290075081416269,
   -7.317074528405297,
   -7.317048110908246,
   -7.316980202364052,
   -3.3657532584860306,
   -7.3161781052888175,
   -6.233275425910573,
   -7.316765612141022,
   -6.400010222023189,
   -7.204834446487064,
   -7.315935894640433,
   -7.317087530290575,
   -7.303205773591369,
   -7.3169871426271875,
   -7.3170904791587175,
   -7.3170904791587175,
   -7.3170904791587175,
   -7.3170904791587175,
   -7.3170775935867525
  ],
  [
   -7.317089873343832,
   -7.240811645747283,
   -7.31708948920026,
   -7.315867310591987,
   -7.295776289580917,
   -7.30407527924879,
   -7.317068025105162,
   -7.317081907735111,
   -6.62389690544674,
   -6.4008765967820125,
   -7.299865770003591,
   -7.3170904791587175,
   -7.3161781052888175,
   -3.65481953578456,
   -7.31652215750889,
   -6.6241299151773845,
   -7.316534165336516,
   -7.316944699668757,
   -6.91180713982773,
   -6.672434350446433,
   -7.317011219172664,
   -7.317087840999596,
   -7.3170904791587175,
   -7.317090476714189,
   -7.3170904791587175,
   -7.3170904791587175,
   -7.3170904791587175
  ],
  [
   -7.317076044201655,
   -6.064353043514381,
   -7.316883499300712,
   -6.4012762443393765,
   -7.316985449399038,
   -6.623962781394669,
   -7.3168691653745626,
   -7.316079797537787,
   -7.316939604895493,
   -7.317089862464391,
   -7.316219520852214,
   -7.317090478165705,
   -6.233275425910573,
   -7.31652215750889,
   -4.483977303265666,
   -7.3169412210518034,
   -5.714613034423888,
   -7.315791406378774,
   -7.317083736480364,
   -7.317038725464707,
   -7.317090409280848,
   -7.3170904791587175,
   -7.3170904791587175,
   -7.3170904791587175,
   -7.3170904791587175,
   -7.3170904791587175,
   -7.316921742611681
  ],
  [
   -7.3170904791587175,
   -7.31706623978259,
   -7.317090476181228,
   -7.317084367133726,
   -7.31709034004346,
   -7.31708965024425,
   -7.3170901809100295,
   -7.315499404417936,
   -7.317089809259376,
   -7.3170904791587175,
   -7.317087379581696,
   -7.3170904791587175,
   -7.316765612141022,
   -6.6241299151773845,
   -7.3169412210518034,
   -4.226208719515063,
   -7.317086923716633,
   -7.3170904746042815,
   -6.911688536481247,
   -7.3170904791587175,
   -7.3170903923545225,
   -7.317085191658283,
   -7.3170904791587175,
   -7.3170904791587175,
   -7.3170904791587175,
   -7.3170904791587175,
   -7.3170904791587175
  ],
  [
   -7.317081705348795,
   -5.931303337324853,
   -7.316959970882264,
   -5.30483947195516,
   -7.316952006586463,
   -6.9207744822091195,
   -7.284655671839073,
   -7.317065067536049,
   -7.313989730622594,
   -7.3170904791587175,
   -7.316979981359042,
   -7.3170166834357095,
   -6.400010222023189,
   -7.316534165336516,
   -5.714613034423888,
   -7.317086923716633,
   -3.8578579296316464,
   -7.306003235017885,
   -7.317086945195676,
   -7.22816129224453,
   -7.287381600275012,
   -7.316781327339455,
   -7.3170904791587175,
   -7.317090479093711,
   -7.3170904791587175,
   -7.3170904791587175,
   -7.3170904791587175
  ],
  [
   -7.317090064157115,
   -7.109926387069347,
   -6.9110836344548465,
   -7.284569733705343,
   -7.311626810157409,
   -7.317088369104834,
   -7.3170725461479735,
   -7.3170902164719624,
   -7.317090431184041,
   -7.3170904791587175,
   -7.317090456232293,
   -7.3170904791587175,
   -7.204834446487064,
   -7.316944699668757,
   -7.315791406378774,
   -7.3170904746042815,
   -7.306003235017885,
   -4.376284288932441,
   -7.317090479017379,
   -7.3170904791587175,
   -6.762824142970487,
   -7.3170904791587175,
   -7.3170904791587175,
   -7.3170904791587175,
   -7.3170904791587175,
   -7.3170904791587175,
   -7.3170904791587175
  ],
  [
   -7.30606161259782,
   -7.301193784181896,
   -6.91164597611001,
   -7.316938738978935,
   -7.317090448407756,
   -7.316821896333019,
   -7.317033846667883,
   -7.3170904791587175,
   -7.314715924498749,
   -7.3170904791587175,
   -7.317078113047115,
   -7.3170904791587175,
   -7.315935894640433,
   -6.91180713982773,
   -7.317083736480364,
   -6.911688536481247,
   -7.317086945195676,
   -7.317090479017379,
   -4.427643765204593,
   -7.317087535345411,
   -7.3170904791587175,
   -7.317071877130913,
   -7.3170904791587175,
   -7.3170904791587175,
   -7.3170904791587175,
   -7.3170904791587175,
   -6.911864826684393
  ],
  [
   -7.164700958501268,
   -7.316339645703561,
   -7.3170904791587175,
   -7.3150550593289365,
   -7.3170904791587175,
   -7.3170904791587175,
   -7.317028743106098,
   -7.317090475698633,
   -7.316990168712005,
   -7.3170904791587175,
   -6.851484133035789,
   -7.3170904791587175,
   -7.317087530290575,
   -6.672434350446433,
   -7.317038725464707,
   -7.3170904791587175,
   -7.22816129224453,
   -7.3170904791587175,
   -7.317087535345411,
   -5.525375610509462,
   -7.317090467359371,
   -7.3170904791587175,
   -7.3170904791587175,
   -7.3170904791587175,
   -7.3170904791587175,
   -7.3170904791587175,
   -7.3170904791587175
  ],
  [
   -7.317089555516336,
   -7.300337155972732,
   -7.3127197056481235,
   -7.260856568603524,
   -7.3170904791587175,
   -7.2849634388809665,
   -7.3170904791587175,
   -7.290599832539675,
   -7.3170904791587175,
   -7.3170904791587175,
   -6.635377982335808,
   -7.3170904791587175,
   -7.303205773591369,
   -7.317011219172664,
   -7.317090409280848,
   -7.3170903923545225,
   -7.287381600275012,
   -6.762824142970487,
   -7.3170904791587175,
   -7.317090467359371,
   -5.371197021680549,
   -7.3170904791587175,
   -7.3170904791587175,
   -7.3170904791587175,
   -7.3170904791587175,
   -7.3170904791587175,
   -7.3170904791587175
  ],
  [
   -7.3170904791587175,
   -7.3163222712667295,
   -6.623974184789753,
   -7.315221715021236,
   -7.317089992616612,
   -7.3170584581233165,
   -6.402535790368282,
   -6.911693075492462,
   -7.317090237758623,
   -7.3170904791587175,
   -7.317086482508901,
   -7.3170904791587175,
   -7.3169871426271875,
   -7.317087840999596,
   -7.3170904791587175,
   -7.317085191658283,
   -7.316781327339455,
   -7.3170904791587175,
   -7.317071877130913,
   -7.3170904791587175,
   -7.3170904791587175,
   -5.237689406108193,
   -7.3170904791587175,
   -7.3170904791587175,
   -7.3170904791587175,
   -7.3170904791587175,
   -7.3170904791587175
  ],
  [
   -7.3170904791587175,
   -7.3170904791587175,
   -7.3170904791587175,
   -7.3170904791587175,
   -7.3170904791587175,
   -7.3170904791587175,
   -7.3170904791587175,
   -7.3170904791587175,
   -7.3170904791587175,
   -7.3170904791587175,
   -7.3170904791587175,
   -7.3170904791587175,
   -7.3170904791587175,
   -7.3170904791587175,
   -7.3170904791587175,
   -7.3170904791587175,
   -7.3170904791587175,
   -7.3170904791587175,
   -7.3170904791587175,
   -7.3170904791587175,
   -7.3170904791587175,
   -7.3170904791587175,
   -7.3170904791587175,
   -7.3170904791587175,
   -7.3170904791587175,
   -7.3170904791587175,
   -7.3170904791587175
  ],
  [
   -7.3170904791587175,
   -7.3170904791587175,
   -7.3170904791587175,
   -7.3170904791587175,
   -7.3170904791587175,
   -7.282964248328036,
   -7.3170904791587175,
   -7.3170904791587175,
   -7.3170904791587175,
   -7.3170904791587175,
   -7.316996922966347,
   -7.3170904791587175,
   -7.3170904791587175,
   -7.317090476714189,
   -7.3170904791587175,
   -7.3170904791587175,
   -7.317090479093711,
   -7.3170904791587175,
   -7.3170904791587175,
   -7.3170904791587175,
   -7.3170904791587175,
   -7.3170904791587175,
   -7.3170904791587175,
   -6.623986687086966,
   -7.3170904791587175,
   -7.3170904791587175,
   -7.3170904791587175
  ],
  [
   -7.3170904791587175,
   -7.3170904791587175,
   -7.3170904791587175,
   -7.3170904791587175,
   -7.3170904791587175,
   -7.3170904791587175,
   -7.3170904791587175,
   -7.3170904791587175,
   -7.3170904791587175,
   -7.3170904791587175,
   -7.3170904791587175,
   -7.3170904791587175,
   -7.3170904791587175,
   -7.3170904791587175,
   -7.3170904791587175,
   -7.3170904791587175,
   -7.3170904791587175,
   -7.3170904791587175,
   -7.3170904791587175,
   -7.3170904791587175,
   -7.3170904791587175,
   -7.3170904791587175,
   -7.3170904791587175,
   -7.3170904791587175,
   -7.3170904791587175,
   -7.3170904791587175,
   -7.3170904791587175
  ],
  [
   -7.3170904791587175,
   -7.3170904791587175,
   -7.3170904791587175,
   -7.3170904791587175,
   -7.3170904791587175,
   -7.3170904791587175,
   -7.3170904791587175,
   -7.3170904791587175,
   -7.3170904791587175,
   -7.3170904791587175,
   -7.3170904791587175,
   -7.3170904791587175,
   -7.3170904791587175,
   -7.3170904791587175,
   -7.3170904791587175,
   -7.3170904791587175,
   -7.3170904791587175,
   -7.3170904791587175,
   -7.3170904791587175,
   -7.3170904791587175,
   -7.3170904791587175,
   -7.3170904791587175,
   -7.3170904791587175,
   -7.3170904791587175,
   -7.3170904791587175,
   -7.3170904791587175,
   -7.3170904791587175
  ],
  [
   -7.3170904791587175,
   -7.3170904791587175,
   -7.3170904791587175,
   -7.3170904791587175,
   -7.3170904791587175,
   -7.3170491286995825,
   -7.3170904791587175,
   -7.3170904791587175,
   -7.3170904791587175,
   -7.3170904791587175,
   -7.3170904791587175,
   -7.3170904791587175,
   -7.3170775935867525,
   -7.3170904791587175,
   -7.316921742611681,
   -7.3170904791587175,
   -7.3170904791587175,
   -7.3170904791587175,
   -6.911864826684393,
   -7.3170904791587175,
   -7.3170904791587175,
   -7.3170904791587175,
   -7.3170904791587175,
   -7.3170904791587175,
   -7.3170904791587175,
   -7.3170904791587175,
   -6.62396407679661
  ]
 ],
 "lq": [
  -4.268840818728665,
  -2.5108981802903427,
  -3.4289976359508993,
  -2.7111594254459277,
  -3.5360018217355123,
  -2.2233592234774795,
  -3.1711003394081003,
  -2.891015107866151,
  -3.1088248671030314,
  -4.293507856531868,
  -3.6435710016756677,
  -4.29354169859492,
  -2.848262266775795,
  -2.679959396711291,
  -3.526397551068896,
  -4.28989934071384,
  -3.501626807688645,
  -2.745998511803669,
  -3.614402573448451,
  -3.4389594563422525,
  -2.858886033223848,
  -4.290258626939286,
  -4.2936670822400655,
  -3.7172341715471116,
  -4.2936670822400655,
  -4.2936670822400655,
  -4.293311728063883
 ]
}
